3671969784192927
3163334333232341
1483257922871399
3433752362292311
5039622155573701
5237801763891459
1381595314271213
7321974379015737
6429467142569376
7618154127177478
1278543291898650
1241710756489459
5391832833618400
8498555245617846
2283661015937092
9302903728886490
7835907925709437
5762113257105898
7612850974723391
6457588860841053
6406782849487518
6711997068075475
1835662967678131
8865884174982803
2192990587112232
7447902981088086
3645358859863525
3727249853531973
3705536835832973
8978492866148995
2603492730589752
1734843365501381
9785639878126760
8260585827615281
7361134490541031
7424194590594515
5359767482929653
8207357726419225
1255567572516845
1389114829545286
5291751526186470
8334653067567387
1998216143764586
9878700337288076
7451859230768454
2711944057457311
6784667695097801
1618994096628189
5804666444607839
3231516635074291
4322479968418692
4487833354981315
6259537575298125
9323581390066848
4870280543058527
3892449575663285
8220219844465774
6866621255539652
3994535714696025
3120862688015370
3572346042364950
5029167227584555
4878261355736408
9726578073415833
9351297448657075
4333692453825227
2674751729013855
7148294314086300
5487102084724873
2400178897454651
5497171069557005
9941949096287685
5825148897501183
2583735877177643
6797240764451782
2094927559647070
7961864674967812
9759169159947068
5586908130231375
6273611693374309
6469374079849779
4473889883893016
6664410915646608
9061535692396936
5024893872909720
5469598326572876
1722971681397319
7404272227354041
9562744971717225
4971940424991523
9392879541015105
4221617698931077
6583318769229143
9594111795007887
4313822122771376
9620563935074001
1219629634185459
6037578248613854
9928550895122871
5438495198175316
3088804353733811
2661175886586574
9391244073337730
2833982691341920
9434579381068353
3535940068843288
6184405422333251
9460941248589001
2607813194488806
2468355437861475
4813600892141117
4278308693539097
7370737937944309
5507947245872400
5141723276215384
9868739064009895
7954465252207529
6680726795747208
9175940940214972
1002156278452601
3372565989629898
2105950290086112
1739344380643923
5714530141821179
3017949415555340
2806494133893390
4158250225154574
8836259453718391
5602910423722465
4764450674224996
9796611444185197
8987516379948241
2210735774745875
2393133124303099
4515162513111412
5338446142657796
4894875365119437
3991406633324354
3189638454343363
4823804734665578
7457491356407131
7761765733795061
5683874352361609
7302520458882354
9280361990573358
4371563035289705
4946695280963748
6735111256817151
1380437757256521
4455189526365323
5817354348159991
8432617239483850
9316548344546180
1610262288112227
3133260083069352
4542730964428432
4478724369059007
3717970371105862
7140707968638602
8021480414488747
8969339284555590
7817328443905560
8545800768777066
3094501988891020
8745256963461908
4601841878003605
9508370987477894
1288357961291759
7213129392074057
8113363638834476
9717780958109285
8610737737412760
7475502952312234
5010818041656314
4015733129635656
6722696498838384
4591687984552806
4241796497269626
2937695193011894
3076449422945551
2062304671058462
4661371442486110
6507194659256392
3510495961163066
2601902927081328
9166592617205902
1594497171201066
8378790277998994
5881337893826218
1808337678649463
1321133440885997
3878503838386035
8157323628711373
3516628362652365
6625539882724338
2751545862552050
6038100216465308
1233692425836242
9762559059714641
9702240483766566
2759811465223844
5077268243973995
5651900965309568
1601358090651200
8372378777081790
4080646964799009
2617229814346752
7937213043511939
5252428170788818
2351106023094070
8812125699317173
5568571428608871
9045261140676416
1588673128848371
5496602131137614
4984952991191252
9750171365023437
8576823775191251
3833248186605347
8536923757326508
2423204539295629
4017225046897402
6618159676748196
2379667134071573
5442651945796010
4303313271746892
3869270049109477
2706911898301445
1782153330062250
7503256698893930
5320994378093390
1977194417302843
5679255147253782
5395632376401793
6980955851923506
7841663543086893
2869771867983126
1343715946805216
2670394919872939
6624263838113636
2812350416682603
9310391838818600
5860195387183551
8888307862433233
1096347870934791
4467577647555165
3001757569796507
6019741372109099
4157124779273964
7027810934903918
5539887695212131
5656715212274734
5114544331198044
1145110142744400
8530265055649178
1782757882073791
2606461989581995
6005431257548784
5502430183206585
4935176387945309
5546279139796364
4749900068371704
4102741023005079
2878587950359164
2946747873077168
4439869328055643
3162878519827605
6905571724134198
4859480761909829
8004998157866079
9493837085297563
5028258861655834
8713585423006360
7449913699963725
1007487040861057
2973592348274037
3747722491719103
6183894671557776
1660334883712071
2490987614043797
6684453471098326
8143203384896849
8037107093635872
2577821111004822
4277965514507283
9960369562618394
2806375344072783
6516416143704352
1990158498931270
2106712543155373
1302574144326504
1163490035003176
1905386234597976
1262190220929712
1632542426414830
4007115197402615
1642544077783911
3963286467621912
2170507218769013
1412454317621056
4546557490377084
7135615731224275
5715920817248308
3285640084935771
1277282370114267
8968460125304381
1523991193061634
1170456238361401
4184253360858725
2891538365051339
6307433776571490
4541362438797316
7748706796092884
8889397550416491
8060654266868313
7309473231984729
5360663546073084
1374699759106247
2907466675323305
9560446635348599
7016790724476545
9446324947602566
9758458529691345
5857655440686849
8195173067619142
6049170764128101
5442260839832976
3540221733335386
7656756894455692
2732153458204649
8339395059471500
8317777486336557
5431513696007282
9631855142173393
5389717811131625
8559168116246045
5981937440955009
4160608338165560
6833292065513200
3629242817734340
9503697126871244
5922299150881605
1104965272252202
4853159897823453
2131238372012616
7980500921855435
9656485730965030
2838312620968513
4800234392597136
4309561510354017
7982531242912627
8911567285503313
7480776329872664
2025153067483506
7706280321192883
6064281737713534
8165910130187769
4243196924119204
2666174320413963
9930399752181144
3125614757692648
2793140445118235
4244258129271990
6132577878746692
9216508083542285
1709260354762295
6804107385498586
3776916591397300
7428684120588039
3439567253441725
4808536274586921
4700540835732865
6215465886434895
5234885368778300
6007981599808454
2514207193786380
8095587729274699
2795218142681277
4377533019096968
5156791217432492
1444616438485892
1402169937753192
2042763374144440
6196481533436100
2468264287584850
6882715597348479
4658197099571361
3041565098626180
3634549016394218
7275946140519673
2458451820589879
1048983234078495
7775627275705007
6772930023752868
2325170886943693
2318180059022714
5934298076962568
2585350244717088
8141165581162728
4666119076083947
3663301467573434
4324131081544773
5290380057226887
1731387553435673
1442717217562987
9535126120571721
4629632165395702
7751562683301467
8424405947627843
8115672559328579
1624168398773917
1309860154472798
8981208367896051
5150623641635364
7164813457492959
2371644838506366
9750443357999990
2618214149698149
3145627439509982
1189115132705512
7543870862532694
3625763897206105
2004228170518734
8228127523764751
2159550444927447
4056361639672578
9163229148718345
3213484514079297
7139361773184307
9089319852953449
8841414856701963
5033780736285361
1650235921035263
2499938791593916
4398379316051033
6748604389211540
5208541664976737
3503441377426186
5509792840211600
2160241095926411
4091356460614167
1769396910556542
6994991977189378
1141410079556082
3582880540547742
2112831597149844
9871805288751807
2567971439707968
4926660176045831
7498588420938093
2954392920088444
9356986953136695
9848620922351522
1875720273948803
4234852415696022
3703483146413460
1570993360636476
1188399843803130
4080151695073681
7575383955741348
6864420592518280
6813708679194606
6901926575312171
8726675743741621
9674947365858979
1907818553089417
8472180777854238
7148554754699443
5817329847786772
4260525561446789
8103195476582749
4615221813486631
9347736182824115
2480667367036720
8639824423345812
3165727475127538
4609773255366595
5065868480541975
6399486229304046
9659217028501200
4476412097419066
3997624651609861
5345720616802863
7649195774456878
9980148186863012
2313558795476954
3309611322229030
4912866257861371
1355275174907605
8592181859657508
2544217755237177
3870116768205968
1108797244896193
3851788878446402
1005223060712215
7685150221172105
8168458960217484
5321862035943387
3964893963491370
9398765938125262
3624378915382575
8665458737526267
3335698140442879
2979173778296768
7891333382933474
3822868937046630
7422375919182497
9481205537192897
5837195937402805
5899480727227809
6843470556688761
3449535356076270
9070732955135389
5793274995446364
2109810062414863
9764232288378287
9938313521513283
1988683153608247
8619989836531766
1616174645763569
3202223863734182
3498818415694378
9432132762512461
5861911614601646
8921789750163077
8655734297196641
6007711845446342
3926472821978274
8120439717797727
1311286643456025
5993143332082208
7396146521529974
9028875815607581
6135831151451233
5060572258118088
2203420146858210
9258745494357325
4359225391721221
4204581195577608
2407658278957370
9412752688218437
7652718665845092
2700729565028759
7404148289381977
3322173331657042
5344257958687905
2281895880749483
1512364361053634
3506840876218640
8407498786762357
2816674967099717
6739837973128634
3610524950418345
5966273286606333
2659317267235683
9250507791913693
4711586941026194
3517568749038910
5676495945472485
6048474356762072
4741637746649613
5132395040968800
4549578474733671
5403705734536969
2649534432251312
6378712649158986
5041568547157900
1775303856019178
1181447087517533
3637877855968636
9703903471144830
1032503716353953
6119338839714778
4522170712198880
4730721681744809
2113572686713266
6958659990852891
6696555218494223
3220168391963606
2734861297328694
6008325069891787
1978871563836267
2737104015625351
4576425731888243
4021307849118796
7081678236873479
9828317757092235
6671274938798753
1246391280671750
2734189068649509
9678405696958407
1213277062327528
5335231373092782
6215878238736159
1327908820801453
8203575493892953
5501490042533124
6009376921879631
7045381464008403
2626645387343767
4482360871636391
6161652032106814
5839835727813088
6405308660945013
1735636194248474
7851210691595419
6396468793101838
5142899320369211
1454999175345527
1611731677859953
8158500361014024
9777439561043919
9068224225659753
1841542676922497
3928991129421115
3092327268949101
4680884441672125
4480572617765218
9786538143867420
9427137710387491
6345196833401701
7492227896555796
2160108850167799
2320149994579980
4794383314627139
5776681699078345
6401770680697134
4490569871523116
7053948211271428
1441349677435438
8710285412413870
1650982816569888
2163329573561829
6681489447952750
3255617628565538
1801161798762392
1642413678239532
6673516735209340
5959545049815824
2170895584498063
8499907667665332
1230475599474113
1871554313604831
7999150713958496
3735426388011242
9692579742233185
1204676997951324
7472413212784798
1466655826509196
6062150968319600
7083722718795115
8979950849652794
9244230279302246
6105627270302835
9043956424878073
8177421730432434
9918104121753062
6341640656387103
5422817228295150
7648880847285939
5582615656425854
6526328426533121
1161834538462784
6466125694396173
4267935643423326
2185596269129999
9952968374575815
1637729881863433
5317421581886313
5400237245159522
1369672439651275
3864630826253535
2050818094041543
8754619789323881
8708952444905071
4266562237281244
3478771096881093
8173989569377528
6762931680152896
1270178810413381
6368296459415451
9640372876334638
3919447796238979
9691334737724820
2088796091589763
6367516316254576
5623742282589053
5891293168991181
5033999036442714
8304398277475046
4108521682356575
8516284673628847
5894443929593352
7664934351518962
7348748972094150
2901189620133208
4303462588812438
1193808590174140
2672153577608428
4867508672157845
1354708111341697
5354136683177758
8379803082211934
4734701681307516
1368221387614616
7935403790981077
6587700863243881
7667679229002579
6308303271022856
3582368228737910
5444336150477711
5273926666925355
8192416646623827
1468889243185787
6531916237966990
1900617552692027
4942217224286835
3136244844518994
8560421667417268
2295397560588696
5449859152081227
3976650996503438
7802128932724481
9378219042568010
9119147741203429
5077498221328412
2593442594154676
9721569844118074
3995925389158880
7829312869461396
2238630348916260
5768743059056372
6036512172497213
8973450291611759
2374708972931374
8176407633974327
8570419541695969
5616978678769768
6873863122409184
3354278457447066
9370400648604338
8486881322988840
6732754723785219
9595117433599152
4671111540327181
3228190547051698
8405777653739999
6495349296329860
9475814270952137
3253983130975059
8500705220666713
7262345969719712
8053774215263634
4066863828466927
5359125659188073
1364792347304769
7224806876775963
8418244040868437
2897748133609091
6357873216915454
5147409538657187
7496104818019518
4410810243502469
3116164619594134
1246899814513591
8340263929563868
8843874473928783
7265266451083127
9449668577316179
7821701562945900
5290576221893218
6819485170722549
1410259285523327
2683881229074931
5368317228838974
3006340365139431
4987207952448028
2094490342649000
9998320871629827
8995505893692209
4819819383415776
4757587924395879
3546923034245030
4481936136366884
5559904890965655
6003870026982614
2725342064709181
4573509368621527
5506739495362729
2892898831439885
5945915987762831
2638739395015914
4331138458618171
5619131956862815
8190359822134205
7642886385703655
4874322483234537
8085723640551945
8354311950942447
1824478662717135
4005896024857543
8949145873839476
4413138961276469
9397487147465648
3363773856964352
2637577647115803
7219279621862877
7561643226889794
5430136266836778
5033508449888358
6445769636396925
5853221497128530
6620411371078707
2485526528137652
2012262240107459
7386934856092142
6826119180971941
2970684150018890
3003987393925598
2784497162162063
3499264850441903
5298313196191500
6755952279398265
4516276766527975
8843748655273107
4192755362083137
8956899889091039
2417637712872032
6257864567793005
1976577594781724
4483269875784483
4257604096035785
1528180987403409
9917326634809448
8924592311923904
2704418149803842
3615556739541725
8148832863225017
6380698978008701
2109385829912955
6014408718733176
2418135819456147
8495464186201247
8295350699553655
8631386126185266
4148293854501194
1901637813745590
6666801013344824
6838177369103941
5590502160553917
2672154212198183
9821562957511188
2821898727705107
3259484970254338
7281887387851930
6746806375068323
1129409665085228
9104247935533825
5517547831616453
9696775597281598
4409176898113092
8764384317293886
9761532699791692
1948119958177447
5679248269206276
4757283519655561
5660858611913247
7112113968126263
9204704383634381
6239184156111090
8376592628839938
1407144267957672
4505609812365324
4966572573826419
6573412130696635
1431351034888173
6285695055455824
7979310414763039
1621835125917972
8349774170366040
6583862812273263
6032839820283599
2516618440944403
5445811296526547
7409241952593060
4990147682971272
3239697969449171
2538191020159740
6390431955815151
9167531559642590
9469230666418814
5803582544791582
4521838472041400
6830504436203341
4507836745137072
1475450030251942
9563182769502894
4922687873363994
5181951811049467
6845272971971234
5552721841573396
4087162889003886
6123459628644581
6070381247827815
1180628565078869
6686655331317817
8896270593448391
9639996196411481
2409117547808078
7420993785268626
6796482325729141
9554762338071660
8272862964578884
6055800690461876
4330536414651946
2290576529486395
1276728139046047
5099622235863273
6829340289446399
2822260948919212
8912553659427419
8761796722753015
8488893121691849
7762227279769471
3229902851524611
4176816956636726
4080447320419414
9843467792434128
9909351838304920
3776297787167940
1228430374732949
5875693573819410
8786564079005810
3685109239226520
2954810485212517
4781806586987910
2693171490708113
1544404180452501
8276831054334783
2057188273555806
5025296744108861
7741613378929544
7421457916045861
7860653370258103
9403109376185203
3246128986412310
2643206027751010
3864552116893461
8260711769149851
3603455942083584
5936817178528167
4075386130445170
4353694032686858
6865132839349527
3055143456708042
7976861356661944
8424960842303593
4301522420093631
3468234758888414
3193278395959316
1901240193076723
8822217182168512
9511767287336689
5715210881812730
2966315923816144
8950981574809262
1157569470161440
7382633689889174
5293316018409640
9007180351156399
7760954036255326
4810974744926329
9841294459176400
7342943542854519
5093991772739288
6282713946853036
8343526799998542
3284287754066071
3642748930821559
7088876675004133
1927671544362182
8263397296869939
4004557475274703
9320111511744060
9279284486608830
7137353456184226
2201492169004519
9108446130443958
5388271063385300
5918575520865375
3641294480481631
6010878650145495
1961807492792991
1334496475437168
7511675536665184
8337268936262583
8288694247688514
9022800770662574
3912433299813760
5232817210718299
3226786334318920
9963239170698804
6777477638634524
1018817535412269
2149106120812710
8941313333272390
5965431040663864
4747591848198701
